TRA_LEN:8000000.000000
T_MAX:159.000000
T_MIN:2.000000
T_MEAN:8.911435
T_STD:6.093526


TST_LEN:100000.000000
T_MAX:64.000000
T_MIN:2.000000
T_MEAN:8.656580
T_STD:6.061251
